1 0.220639 5.991
2 0.166609 5.991
3 0.253521 5.991
4 0.00821623 5.991
5 1.16841 5.991
6 2.07063 5.991
7 0.356696 5.991
8 12.2347 5.991
9 2.70654 5.991
10 1.66235 5.991
11 3.48917 5.991
12 0.351719 5.991
13 2.34012 5.991
14 0.688093 5.991
15 0.327124 5.991
16 0.384912 5.991
17 0.723097 5.991
18 1.87297 5.991
19 1.21028 5.991
20 3.32225 5.991
21 2.65896 5.991
22 0.346841 5.991
23 0.628618 5.991
24 3.53061 5.991
25 2.28523 5.991
26 1.25817 5.991
27 0.288306 5.991
28 2.5415 5.991
29 0.737409 5.991
30 0.267632 5.991
31 0.442218 5.991
32 0.154851 5.991
33 0.517989 5.991
34 0.112106 5.991
35 0.371438 5.991
36 2.49247 5.991
37 1.0096 5.991
38 0.354806 5.991
39 2.22029 5.991
40 3.54432 5.991
41 1.52033 5.991
42 1.26821 5.991
43 3.3007 5.991
44 3.74934 5.991
45 3.21253 5.991
46 0.984191 5.991
47 0.965394 5.991
48 2.17179 5.991
49 0.0486447 5.991
50 5.73786 5.991
51 0.877419 5.991
52 2.27455 5.991
53 0.970839 5.991
54 1.41122 5.991
55 0.35396 5.991
56 0.993103 5.991
57 2.28021 5.991
58 3.78245 5.991
59 0.0622596 5.991
60 0.513279 5.991
61 0.264532 5.991
62 2.13712 5.991
63 3.91212 5.991
64 0.812041 5.991
65 0.969438 5.991
66 0.621517 5.991
67 0.231465 5.991
68 2.85411 5.991
69 0.920877 5.991
70 0.805918 5.991
71 1.22176 5.991
72 1.75472 5.991
73 0.556634 5.991
74 0.707052 5.991
75 1.56813 5.991
76 0.108285 5.991
77 2.05831 5.991
78 0.202009 5.991
79 1.67923 5.991
80 0.665535 5.991
81 0.405155 5.991
82 3.27552 5.991
83 1.70941 5.991
84 1.05655 5.991
85 2.11612 5.991
86 2.80183 5.991
87 0.0909951 5.991
88 3.018 5.991
89 0.342274 5.991
90 0.120727 5.991
91 0.378372 5.991
92 1.78551 5.991
93 2.05701 5.991
94 0.689255 5.991
95 1.11487 5.991
96 1.62987 5.991
97 3.51166 5.991
98 1.12032 5.991
99 6.24971 5.991
100 0.173557 5.991
101 0.552443 5.991
102 2.28696 5.991
103 1.11615 5.991
104 0.665074 5.991
105 1.7683 5.991
106 1.07402 5.991
107 0.624627 5.991
108 3.21543 5.991
109 2.18932 5.991
110 2.74922 5.991
111 0.532693 5.991
112 0.547537 5.991
113 2.74102 5.991
114 0.704954 5.991
115 0.561599 5.991
116 2.04717 5.991
117 0.903233 5.991
118 3.96602 5.991
119 0.103926 5.991
120 1.0169 5.991
121 0.644984 5.991
122 0.22429 5.991
123 2.66337 5.991
124 0.377539 5.991
125 1.81921 5.991
126 0.56227 5.991
127 1.97259 5.991
128 2.06138 5.991
129 0.901028 5.991
130 0.0216135 5.991
131 1.36619 5.991
132 0.546343 5.991
133 1.49006 5.991
134 5.26321 5.991
135 4.02129 5.991
136 1.61996 5.991
137 1.61153 5.991
138 2.11705 5.991
139 2.21133 5.991
140 0.804242 5.991
141 1.02216 5.991
142 0.13849 5.991
143 3.58767 5.991
144 1.33591 5.991
145 4.32793 5.991
146 0.692335 5.991
147 1.27346 5.991
148 0.138608 5.991
149 2.18748 5.991
150 0.195792 5.991
151 4.53531 5.991
152 0.580808 5.991
153 0.584154 5.991
154 3.77047 5.991
155 3.49111 5.991
156 3.72173 5.991
157 2.74369 5.991
158 0.199809 5.991
159 1.41281 5.991
160 3.9949 5.991
161 1.39535 5.991
162 1.95899 5.991
163 0.726499 5.991
164 2.04474 5.991
165 5.14643 5.991
166 1.98425 5.991
167 0.415981 5.991
168 1.30715 5.991
169 0.510459 5.991
170 0.12143 5.991
171 2.52688 5.991
172 0.248181 5.991
173 3.09099 5.991
174 0.826912 5.991
175 15.3515 5.991
176 0.852203 5.991
177 1.16528 5.991
178 1.34768 5.991
179 0.166383 5.991
180 1.40739 5.991
181 5.87579 5.991
182 2.19477 5.991
183 0.744491 5.991
184 2.34228 5.991
185 2.89502 5.991
186 5.35235 5.991
187 2.81507 5.991
188 0.413362 5.991
189 0.569471 5.991
190 0.531031 5.991
191 0.635459 5.991
192 1.83263 5.991
193 3.99001 5.991
194 1.23442 5.991
195 6.12478 5.991
196 1.22708 5.991
197 1.13056 5.991
198 0.0148056 5.991
199 0.616799 5.991
200 2.59852 5.991
201 1.57209 5.991
202 2.73369 5.991
203 0.206132 5.991
204 0.548849 5.991
205 0.905807 5.991
206 0.0970662 5.991
207 1.4393 5.991
208 0.275193 5.991
209 3.73052 5.991
210 2.06404 5.991
211 0.408633 5.991
212 0.971095 5.991
213 1.15665 5.991
214 0.011346 5.991
215 0.081916 5.991
216 4.1503 5.991
217 0.980164 5.991
218 0.299935 5.991
219 2.12525 5.991
220 0.0320836 5.991
221 4.77628 5.991
222 2.682 5.991
223 1.28808 5.991
224 0.599088 5.991
225 0.945417 5.991
226 6.18779 5.991
227 0.684523 5.991
228 3.13048 5.991
229 0.766922 5.991
230 0.827171 5.991
231 1.05669 5.991
232 1.15007 5.991
233 2.06476 5.991
234 0.330458 5.991
235 2.01522 5.991
236 7.54129 5.991
237 1.02347 5.991
238 3.42974 5.991
239 2.57821 5.991
240 1.72786 5.991
241 0.917527 5.991
242 2.60334 5.991
243 1.02788 5.991
244 1.9172 5.991
245 0.658012 5.991
246 0.9457 5.991
247 4.73049 5.991
248 5.61179 5.991
249 0.676992 5.991
