1 74.4774 7.815
2 1.82547 7.815
3 7.50117 7.815
4 5.93585 7.815
5 0.296184 7.815
6 1.21187 7.815
7 4.22487 7.815
8 1.88423 7.815
9 1.47681 7.815
10 1.8519 7.815
11 3.55074 7.815
12 0.286716 7.815
13 2.52686 7.815
14 5.08965 7.815
15 2.11429 7.815
16 6.5802 7.815
17 6.87918 7.815
18 4.0747 7.815
19 3.50674 7.815
20 2.49469 7.815
21 2.88119 7.815
22 0.797657 7.815
23 1.49453 7.815
24 0.828649 7.815
25 3.20489 7.815
26 9.43518 7.815
27 0.0993985 7.815
28 1.88539 7.815
29 3.4925 7.815
30 2.22284 7.815
31 1.25087 7.815
32 1.5311 7.815
33 0.825235 7.815
34 2.96347 7.815
35 1.98419 7.815
36 3.15691 7.815
37 0.431714 7.815
38 0.834209 7.815
39 0.169714 7.815
40 0.668388 7.815
41 4.32165 7.815
42 0.382396 7.815
43 2.21061 7.815
44 0.543233 7.815
45 1.07679 7.815
46 1.8167 7.815
47 7.8049 7.815
48 2.05409 7.815
49 5.06435 7.815
50 8.25407 7.815
51 4.59385 7.815
52 2.76478 7.815
53 2.17824 7.815
54 1.3328 7.815
55 0.811117 7.815
56 1.33763 7.815
57 3.24075 7.815
58 6.42124 7.815
59 2.04919 7.815
60 2.07123 7.815
61 0.294202 7.815
62 5.61966 7.815
63 6.08712 7.815
64 0.720877 7.815
65 3.68052 7.815
66 6.29402 7.815
67 1.87608 7.815
68 3.0067 7.815
69 3.21231 7.815
70 9.8199 7.815
71 3.24427 7.815
72 5.45805 7.815
73 2.52555 7.815
74 1.11726 7.815
75 0.0722689 7.815
76 1.0981 7.815
77 2.49966 7.815
78 2.63924 7.815
79 0.916502 7.815
80 1.01975 7.815
81 4.02608 7.815
82 5.07992 7.815
83 1.24035 7.815
84 0.721233 7.815
85 1.96841 7.815
86 4.80516 7.815
87 0.108045 7.815
88 3.15254 7.815
89 0.350816 7.815
90 0.523495 7.815
91 2.92773 7.815
92 1.67137 7.815
93 1.74307 7.815
94 4.8671 7.815
95 1.49502 7.815
96 1.22278 7.815
97 6.77301 7.815
98 3.43911 7.815
99 2.44222 7.815
100 2.28486 7.815
101 2.80793 7.815
102 4.55997 7.815
103 0.402406 7.815
104 2.96783 7.815
105 0.87608 7.815
106 2.01501 7.815
107 2.0212 7.815
108 2.05334 7.815
109 0.420297 7.815
110 1.76961 7.815
111 3.93232 7.815
112 3.20103 7.815
113 2.29721 7.815
114 1.48734 7.815
115 3.25837 7.815
116 1.4003 7.815
117 0.749839 7.815
118 2.13324 7.815
119 2.30161 7.815
120 2.57229 7.815
121 5.50269 7.815
122 4.05078 7.815
123 2.63678 7.815
124 3.3639 7.815
125 3.65279 7.815
126 1.54426 7.815
127 0.691075 7.815
128 1.67816 7.815
129 1.59375 7.815
130 4.05156 7.815
131 0.420701 7.815
132 0.379335 7.815
133 3.36658 7.815
134 0.0695955 7.815
135 1.42698 7.815
136 5.55344 7.815
137 30.0874 7.815
138 3.68545 7.815
139 4.71824 7.815
140 3.2984 7.815
141 2.29498 7.815
142 3.08382 7.815
143 0.756695 7.815
144 0.273705 7.815
145 4.50154 7.815
146 0.468425 7.815
147 0.429348 7.815
148 1.79707 7.815
149 3.39507 7.815
150 0.308622 7.815
151 5.53135 7.815
152 1.07347 7.815
153 7.20947 7.815
154 0.846064 7.815
155 1.41647 7.815
156 1.18696 7.815
157 1.54715 7.815
158 1.20407 7.815
159 2.90953 7.815
160 1.231 7.815
161 2.72366 7.815
162 2.83125 7.815
163 2.76958 7.815
164 0.449582 7.815
165 4.52411 7.815
166 2.39934 7.815
167 2.26426 7.815
168 4.77424 7.815
169 8.49861 7.815
170 1.6179 7.815
171 0.330519 7.815
172 1.78064 7.815
173 3.86516 7.815
174 0.851366 7.815
175 4.84058 7.815
176 1.44875 7.815
177 2.54867 7.815
178 1.92898 7.815
179 5.50542 7.815
180 2.7003 7.815
181 0.709815 7.815
182 2.44587 7.815
183 2.49624 7.815
184 0.771008 7.815
185 2.13587 7.815
186 3.41345 7.815
187 0.34421 7.815
188 1.82096 7.815
189 0.942934 7.815
190 5.46564 7.815
191 0.256588 7.815
192 11.2107 7.815
193 1.84316 7.815
194 0.202678 7.815
195 2.52339 7.815
196 1.22006 7.815
197 1.5694 7.815
198 2.14075 7.815
199 5.13661 7.815
200 2.2402 7.815
201 2.72695 7.815
202 1.8129 7.815
203 5.81122 7.815
204 8.19932 7.815
205 0.777506 7.815
206 0.400253 7.815
207 2.85774 7.815
208 2.17494 7.815
209 1.11323 7.815
210 0.593696 7.815
211 8.9895 7.815
212 2.32174 7.815
213 0.856455 7.815
214 2.92411 7.815
215 4.3679 7.815
216 1.02231 7.815
217 5.72199 7.815
218 2.10698 7.815
219 1.96302 7.815
220 6.2377 7.815
221 1.48907 7.815
222 4.81528 7.815
223 5.67104 7.815
224 0.976479 7.815
225 0.391554 7.815
226 4.99807 7.815
227 1.70144 7.815
228 4.80888 7.815
229 3.65778 7.815
230 0.404587 7.815
231 0.0542071 7.815
232 0.471573 7.815
233 0.275568 7.815
234 7.06217 7.815
235 6.87594 7.815
236 0.53514 7.815
237 0.514314 7.815
238 0.800491 7.815
239 1.07761 7.815
240 0.208836 7.815
241 2.79722 7.815
242 6.99076 7.815
243 1.33508 7.815
244 7.78262 7.815
245 4.09629 7.815
246 2.53055 7.815
247 6.5836 7.815
248 1.14933 7.815
249 1.47257 7.815
